0.005000 0.999841 0.750188 0.999778 
0.015000 0.999776 0.750265 0.999686 
0.025000 0.999647 0.750418 0.999506 
0.035000 0.999438 0.750665 0.999213 
0.045000 0.999117 0.751045 0.998764 
0.055000 0.998638 0.751611 0.998095 
0.065000 0.997943 0.752434 0.997123 
0.075000 0.996957 0.753602 0.995745 
0.085000 0.995590 0.755222 0.993837 
0.095000 0.993739 0.757416 0.991256 
0.105000 0.991292 0.760321 0.987848 
0.115000 0.988128 0.764082 0.983450 
0.125000 0.984131 0.768843 0.977905 
0.135000 0.979191 0.774744 0.971070 
0.145000 0.973212 0.781909 0.962824 
0.155000 0.966125 0.790438 0.953084 
0.165000 0.957885 0.800406 0.941805 
0.175000 0.948477 0.811855 0.928988 
0.185000 0.937918 0.824796 0.914679 
0.195000 0.926254 0.839208 0.898964 
0.205000 0.913558 0.855039 0.881963 
0.215000 0.899922 0.872217 0.863826 
0.225000 0.885455 0.890643 0.844724 
0.235000 0.870279 0.910208 0.824836 
0.245000 0.854521 0.930785 0.804351 
0.255000 0.838311 0.952242 0.783454 
0.265000 0.821780 0.974437 0.762328 
0.275000 0.805056 0.997227 0.741146 
0.285000 0.788262 1.020460 0.720073 
0.295000 0.771517 1.043986 0.699261 
0.305000 0.754935 1.067648 0.678852 
0.315000 0.738621 1.091289 0.658977 
0.325000 0.722676 1.114746 0.639755 
0.335000 0.707192 1.137855 0.621295 
0.345000 0.692252 1.160448 0.603695 
0.355000 0.677933 1.182358 0.587043 
0.365000 0.664296 1.203416 0.571418 
0.375000 0.651393 1.223460 0.556885 
0.385000 0.639255 1.242335 0.543500 
0.395000 0.627894 1.259900 0.531301 
0.405000 0.617298 1.276033 0.520313 
0.415000 0.607426 1.290639 0.510544 
0.425000 0.598205 1.303657 0.501980 
0.435000 0.589529 1.315061 0.494591 
0.445000 0.581258 1.324868 0.488324 
0.455000 0.573224 1.333135 0.483107 
0.465000 0.565237 1.339958 0.478851 
0.475000 0.557096 1.345463 0.475455 
0.485000 0.548604 1.349801 0.472808 
0.495000 0.539585 1.353135 0.470797 
0.505000 0.529899 1.355631 0.469312 
0.515000 0.519460 1.357450 0.468245 
0.525000 0.508244 1.358738 0.467504 
0.535000 0.496295 1.359621 0.467007 
0.545000 0.483723 1.360206 0.466686 
0.555000 0.470697 1.360575 0.466485 
0.565000 0.457427 1.360788 0.466362 
0.575000 0.444150 1.360886 0.466282 
0.585000 0.431109 1.360890 0.466218 
0.595000 0.418536 1.360798 0.466144 
0.605000 0.406632 1.360584 0.466030 
0.615000 0.395554 1.360192 0.465839 
0.625000 0.385403 1.359511 0.465514 
0.635000 0.376216 1.358355 0.464961 
0.645000 0.367950 1.356402 0.464030 
0.655000 0.360466 1.353113 0.462468 
0.665000 0.353503 1.347580 0.459859 
0.675000 0.346644 1.338314 0.455533 
0.685000 0.339243 1.322898 0.448435 
0.695000 0.330343 1.297473 0.436968 
0.705000 0.318617 1.256085 0.418885 
0.715000 0.302411 1.190041 0.391426 
0.725000 0.280067 1.087805 0.352058 
0.735000 0.250805 0.936883 0.300253 
0.745000 0.216153 0.730756 0.240109 
0.755000 0.181089 0.484668 0.181765 
0.765000 0.152816 0.252151 0.137736 
0.775000 0.135885 0.098629 0.113653 
0.785000 0.128513 0.030969 0.104150 
0.795000 0.126015 0.008751 0.101162 
0.805000 0.125280 0.002386 0.100316 
0.815000 0.125076 0.000643 0.100085 
0.825000 0.125020 0.000173 0.100023 
0.835000 0.125005 0.000046 0.100006 
0.845000 0.125001 0.000012 0.100002 
0.855000 0.125000 0.000003 0.100000 
0.865000 0.125000 0.000001 0.100000 
0.875000 0.125000 0.000000 0.100000 
0.885000 0.125000 0.000000 0.100000 
0.895000 0.125000 0.000000 0.100000 
0.905000 0.125000 0.000000 0.100000 
0.915000 0.125000 0.000000 0.100000 
0.925000 0.125000 0.000000 0.100000 
0.935000 0.125000 0.000000 0.100000 
0.945000 0.125000 0.000000 0.100000 
0.955000 0.125000 0.000000 0.100000 
0.965000 0.125000 0.000000 0.100000 
0.975000 0.125000 0.000000 0.100000 
0.985000 0.125000 0.000000 0.100000 
0.995000 0.125000 0.000000 0.100000 
